title:솔의눈

// Deadpan Delivery (pve)
//notes: tags:pve
dimwishlist:item=1296429091&perks=1332244541,791862061,1821614984,2360754333
dimwishlist:item=1296429091&perks=1332244541,791862061,1821614984,4104185692
dimwishlist:item=1296429091&perks=1332244541,791862061,3643424744,2360754333
dimwishlist:item=1296429091&perks=1332244541,791862061,3643424744,4104185692
dimwishlist:item=1296429091&perks=1332244541,1087426260,1821614984,2360754333
dimwishlist:item=1296429091&perks=1332244541,1087426260,1821614984,4104185692
dimwishlist:item=1296429091&perks=1332244541,1087426260,3643424744,2360754333
dimwishlist:item=1296429091&perks=1332244541,1087426260,3643424744,4104185692
dimwishlist:item=1296429091&perks=1332244541,106909392,1821614984,2360754333
dimwishlist:item=1296429091&perks=1332244541,106909392,1821614984,4104185692
dimwishlist:item=1296429091&perks=1332244541,106909392,3643424744,2360754333
dimwishlist:item=1296429091&perks=1332244541,106909392,3643424744,4104185692
dimwishlist:item=1296429091&perks=1332244541,2420895100,1821614984,2360754333
dimwishlist:item=1296429091&perks=1332244541,2420895100,1821614984,4104185692
dimwishlist:item=1296429091&perks=1332244541,2420895100,3643424744,2360754333
dimwishlist:item=1296429091&perks=1332244541,2420895100,3643424744,4104185692
dimwishlist:item=1296429091&perks=1332244541,3177308360,1821614984,2360754333
dimwishlist:item=1296429091&perks=1332244541,3177308360,1821614984,4104185692
dimwishlist:item=1296429091&perks=1332244541,3177308360,3643424744,2360754333
dimwishlist:item=1296429091&perks=1332244541,3177308360,3643424744,4104185692
dimwishlist:item=1296429091&perks=1332244541,3142289711,1821614984,2360754333
dimwishlist:item=1296429091&perks=1332244541,3142289711,1821614984,4104185692
dimwishlist:item=1296429091&perks=1332244541,3142289711,3643424744,2360754333
dimwishlist:item=1296429091&perks=1332244541,3142289711,3643424744,4104185692
dimwishlist:item=1296429091&perks=1332244541,679225683,1821614984,2360754333
dimwishlist:item=1296429091&perks=1332244541,679225683,1821614984,4104185692
dimwishlist:item=1296429091&perks=1332244541,679225683,3643424744,2360754333
dimwishlist:item=1296429091&perks=1332244541,679225683,3643424744,4104185692
dimwishlist:item=1296429091&perks=466087222,791862061,1821614984,2360754333
dimwishlist:item=1296429091&perks=466087222,791862061,1821614984,4104185692
dimwishlist:item=1296429091&perks=466087222,791862061,3643424744,2360754333
dimwishlist:item=1296429091&perks=466087222,791862061,3643424744,4104185692
dimwishlist:item=1296429091&perks=466087222,1087426260,1821614984,2360754333
dimwishlist:item=1296429091&perks=466087222,1087426260,1821614984,4104185692
dimwishlist:item=1296429091&perks=466087222,1087426260,3643424744,2360754333
dimwishlist:item=1296429091&perks=466087222,1087426260,3643424744,4104185692
dimwishlist:item=1296429091&perks=466087222,106909392,1821614984,2360754333
dimwishlist:item=1296429091&perks=466087222,106909392,1821614984,4104185692
dimwishlist:item=1296429091&perks=466087222,106909392,3643424744,2360754333
dimwishlist:item=1296429091&perks=466087222,106909392,3643424744,4104185692
dimwishlist:item=1296429091&perks=466087222,2420895100,1821614984,2360754333
dimwishlist:item=1296429091&perks=466087222,2420895100,1821614984,4104185692
dimwishlist:item=1296429091&perks=466087222,2420895100,3643424744,2360754333
dimwishlist:item=1296429091&perks=466087222,2420895100,3643424744,4104185692
dimwishlist:item=1296429091&perks=466087222,3177308360,1821614984,2360754333
dimwishlist:item=1296429091&perks=466087222,3177308360,1821614984,4104185692
dimwishlist:item=1296429091&perks=466087222,3177308360,3643424744,2360754333
dimwishlist:item=1296429091&perks=466087222,3177308360,3643424744,4104185692
dimwishlist:item=1296429091&perks=466087222,3142289711,1821614984,2360754333
dimwishlist:item=1296429091&perks=466087222,3142289711,1821614984,4104185692
dimwishlist:item=1296429091&perks=466087222,3142289711,3643424744,2360754333
dimwishlist:item=1296429091&perks=466087222,3142289711,3643424744,4104185692
dimwishlist:item=1296429091&perks=466087222,679225683,1821614984,2360754333
dimwishlist:item=1296429091&perks=466087222,679225683,1821614984,4104185692
dimwishlist:item=1296429091&perks=466087222,679225683,3643424744,2360754333
dimwishlist:item=1296429091&perks=466087222,679225683,3643424744,4104185692
dimwishlist:item=1296429091&perks=1482024992,791862061,1821614984,2360754333
dimwishlist:item=1296429091&perks=1482024992,791862061,1821614984,4104185692
dimwishlist:item=1296429091&perks=1482024992,791862061,3643424744,2360754333
dimwishlist:item=1296429091&perks=1482024992,791862061,3643424744,4104185692
dimwishlist:item=1296429091&perks=1482024992,1087426260,1821614984,2360754333
dimwishlist:item=1296429091&perks=1482024992,1087426260,1821614984,4104185692
dimwishlist:item=1296429091&perks=1482024992,1087426260,3643424744,2360754333
dimwishlist:item=1296429091&perks=1482024992,1087426260,3643424744,4104185692
dimwishlist:item=1296429091&perks=1482024992,106909392,1821614984,2360754333
dimwishlist:item=1296429091&perks=1482024992,106909392,1821614984,4104185692
dimwishlist:item=1296429091&perks=1482024992,106909392,3643424744,2360754333
dimwishlist:item=1296429091&perks=1482024992,106909392,3643424744,4104185692
dimwishlist:item=1296429091&perks=1482024992,2420895100,1821614984,2360754333
dimwishlist:item=1296429091&perks=1482024992,2420895100,1821614984,4104185692
dimwishlist:item=1296429091&perks=1482024992,2420895100,3643424744,2360754333
dimwishlist:item=1296429091&perks=1482024992,2420895100,3643424744,4104185692
dimwishlist:item=1296429091&perks=1482024992,3177308360,1821614984,2360754333
dimwishlist:item=1296429091&perks=1482024992,3177308360,1821614984,4104185692
dimwishlist:item=1296429091&perks=1482024992,3177308360,3643424744,2360754333
dimwishlist:item=1296429091&perks=1482024992,3177308360,3643424744,4104185692
dimwishlist:item=1296429091&perks=1482024992,3142289711,1821614984,2360754333
dimwishlist:item=1296429091&perks=1482024992,3142289711,1821614984,4104185692
dimwishlist:item=1296429091&perks=1482024992,3142289711,3643424744,2360754333
dimwishlist:item=1296429091&perks=1482024992,3142289711,3643424744,4104185692
dimwishlist:item=1296429091&perks=1482024992,679225683,1821614984,2360754333
dimwishlist:item=1296429091&perks=1482024992,679225683,1821614984,4104185692
dimwishlist:item=1296429091&perks=1482024992,679225683,3643424744,2360754333
dimwishlist:item=1296429091&perks=1482024992,679225683,3643424744,4104185692
dimwishlist:item=1296429091&perks=4090651448,791862061,1821614984,2360754333
dimwishlist:item=1296429091&perks=4090651448,791862061,1821614984,4104185692
dimwishlist:item=1296429091&perks=4090651448,791862061,3643424744,2360754333
dimwishlist:item=1296429091&perks=4090651448,791862061,3643424744,4104185692
dimwishlist:item=1296429091&perks=4090651448,1087426260,1821614984,2360754333
dimwishlist:item=1296429091&perks=4090651448,1087426260,1821614984,4104185692
dimwishlist:item=1296429091&perks=4090651448,1087426260,3643424744,2360754333
dimwishlist:item=1296429091&perks=4090651448,1087426260,3643424744,4104185692
dimwishlist:item=1296429091&perks=4090651448,106909392,1821614984,2360754333
dimwishlist:item=1296429091&perks=4090651448,106909392,1821614984,4104185692
dimwishlist:item=1296429091&perks=4090651448,106909392,3643424744,2360754333
dimwishlist:item=1296429091&perks=4090651448,106909392,3643424744,4104185692
dimwishlist:item=1296429091&perks=4090651448,2420895100,1821614984,2360754333
dimwishlist:item=1296429091&perks=4090651448,2420895100,1821614984,4104185692
dimwishlist:item=1296429091&perks=4090651448,2420895100,3643424744,2360754333
dimwishlist:item=1296429091&perks=4090651448,2420895100,3643424744,4104185692
dimwishlist:item=1296429091&perks=4090651448,3177308360,1821614984,2360754333
dimwishlist:item=1296429091&perks=4090651448,3177308360,1821614984,4104185692
dimwishlist:item=1296429091&perks=4090651448,3177308360,3643424744,2360754333
dimwishlist:item=1296429091&perks=4090651448,3177308360,3643424744,4104185692
dimwishlist:item=1296429091&perks=4090651448,3142289711,1821614984,2360754333
dimwishlist:item=1296429091&perks=4090651448,3142289711,1821614984,4104185692
dimwishlist:item=1296429091&perks=4090651448,3142289711,3643424744,2360754333
dimwishlist:item=1296429091&perks=4090651448,3142289711,3643424744,4104185692
dimwishlist:item=1296429091&perks=4090651448,679225683,1821614984,2360754333
dimwishlist:item=1296429091&perks=4090651448,679225683,1821614984,4104185692
dimwishlist:item=1296429091&perks=4090651448,679225683,3643424744,2360754333
dimwishlist:item=1296429091&perks=4090651448,679225683,3643424744,4104185692
dimwishlist:item=1296429091&perks=1047830412,791862061,1821614984,2360754333
dimwishlist:item=1296429091&perks=1047830412,791862061,1821614984,4104185692
dimwishlist:item=1296429091&perks=1047830412,791862061,3643424744,2360754333
dimwishlist:item=1296429091&perks=1047830412,791862061,3643424744,4104185692
dimwishlist:item=1296429091&perks=1047830412,1087426260,1821614984,2360754333
dimwishlist:item=1296429091&perks=1047830412,1087426260,1821614984,4104185692
dimwishlist:item=1296429091&perks=1047830412,1087426260,3643424744,2360754333
dimwishlist:item=1296429091&perks=1047830412,1087426260,3643424744,4104185692
dimwishlist:item=1296429091&perks=1047830412,106909392,1821614984,2360754333
dimwishlist:item=1296429091&perks=1047830412,106909392,1821614984,4104185692
dimwishlist:item=1296429091&perks=1047830412,106909392,3643424744,2360754333
dimwishlist:item=1296429091&perks=1047830412,106909392,3643424744,4104185692
dimwishlist:item=1296429091&perks=1047830412,2420895100,1821614984,2360754333
dimwishlist:item=1296429091&perks=1047830412,2420895100,1821614984,4104185692
dimwishlist:item=1296429091&perks=1047830412,2420895100,3643424744,2360754333
dimwishlist:item=1296429091&perks=1047830412,2420895100,3643424744,4104185692
dimwishlist:item=1296429091&perks=1047830412,3177308360,1821614984,2360754333
dimwishlist:item=1296429091&perks=1047830412,3177308360,1821614984,4104185692
dimwishlist:item=1296429091&perks=1047830412,3177308360,3643424744,2360754333
dimwishlist:item=1296429091&perks=1047830412,3177308360,3643424744,4104185692
dimwishlist:item=1296429091&perks=1047830412,3142289711,1821614984,2360754333
dimwishlist:item=1296429091&perks=1047830412,3142289711,1821614984,4104185692
dimwishlist:item=1296429091&perks=1047830412,3142289711,3643424744,2360754333
dimwishlist:item=1296429091&perks=1047830412,3142289711,3643424744,4104185692
dimwishlist:item=1296429091&perks=1047830412,679225683,1821614984,2360754333
dimwishlist:item=1296429091&perks=1047830412,679225683,1821614984,4104185692
dimwishlist:item=1296429091&perks=1047830412,679225683,3643424744,2360754333
dimwishlist:item=1296429091&perks=1047830412,679225683,3643424744,4104185692


